0000110000
0000010000
0010110000
0010010000
0100110000
0100010000
0110110000
0110010000
1000110000
1000010000
0001110000
0001010000
0011110000
0011010000
0101110000
0101010000
0111110000
0111010000
1001110000
1001010000
0000100010
0000000010
0001100010
0001000010
0010100010
0010000010
0011100010
0011000010
0000101000
0000001000
0001101000
0001001000
0010101000
0010001000
0011101000
0011001000
0000100100
0000000100
0010100100
0010000100
0100100100
0100000100
0110100100
0110000100
1000100100
1000000100
0001100100
0001000100
0011100100
0011000100
0101100100
0101000100
0111100100
0111000100
1001100100
1001000100
0100100010
0100000010
0101100010
0101000010
0110100010
0110000010
0111100010
0111000010
0100101000
0100001000
0101101000
0101001000
0110101000
0110001000
0111101000
0111001000
A0, A1, A2, A3, A4, EN0, EN1, EN2, EN3, POLARITY
